[-2, 0, 3, -5, 2, -1]
3
0 2
2 5
0 5
[[[CASE_SEPARATOR]]]
[1, 2, 3, 4, 5]
2
0 4
1 3
[[[CASE_SEPARATOR]]]
[-10]
1
0 0
[[[CASE_SEPARATOR]]]
[0, 0, 0, 0]
3
0 3
1 2
2 2
[[[CASE_SEPARATOR]]]
[10, -10, 10, -10]
4
0 1
1 2
0 3
2 3
[[[CASE_SEPARATOR]]]
[1, 1, 1, 1, 1, 1, 1, 1, 1, 1]
5
0 0
0 4
5 9
0 9
3 6
[[[CASE_SEPARATOR]]]
[100000, 100000, 100000]
3
0 0
0 1
0 2
[[[CASE_SEPARATOR]]]
[-100, -200, 300, 400, -500]
4
0 4
1 3
2 2
0 1
[[[CASE_SEPARATOR]]]
[4, 2, 8, 3, 9, 6]
3
0 2
3 5
1 4
[[[CASE_SEPARATOR]]]
[5, 5, 5]
2
0 2
1 1
