6
6 4 2 7 2 7
3
2 3 6
1 3 4
1 1 6
[[[CASE_SEPARATOR]]]
4
5 5 2 3
10
1 2 4
2 1 4
1 1 1
2 1 4
2 1 2
1 1 1
1 3 3
1 1 3
1 4 4
1 2 2
[[[CASE_SEPARATOR]]]
1
1000000000
2
1 1 1
2 1 1
[[[CASE_SEPARATOR]]]
5
1 2 3 4 5
4
1 1 5
2 1 5
1 2 4
2 2 4
[[[CASE_SEPARATOR]]]
5
5 4 3 2 1
4
1 1 5
2 1 5
1 2 4
2 2 4
[[[CASE_SEPARATOR]]]
5
1000000000 1000000000 1000000000 1000000000 1000000000
3
1 1 5
2 1 5
1 3 3
[[[CASE_SEPARATOR]]]
8
10 1 9 2 8 3 7 4
4
1 2 7
2 2 7
1 1 8
2 1 8
[[[CASE_SEPARATOR]]]
3
10 20 30
3
1 1 2
2 2 3
1 3 3
[[[CASE_SEPARATOR]]]
3
30 20 10
3
1 1 2
2 2 3
1 3 3
[[[CASE_SEPARATOR]]]
10
5 5 5 5 5 5 5 5 5 5
3
1 1 10
2 1 10
1 4 7
