5
2 7 3 4 9
3
1 25 11
[[[CASE_SEPARATOR]]]
1
10
5
1 2 5 9 10
[[[CASE_SEPARATOR]]]
3
1 1 1
3
1 2 3
[[[CASE_SEPARATOR]]]
5
10 10 10 10 10
5
5 15 25 35 45
[[[CASE_SEPARATOR]]]
5
10 10 10 10 10
5
10 20 30 40 50
[[[CASE_SEPARATOR]]]
5
10 10 10 10 10
5
11 21 31 41 49
[[[CASE_SEPARATOR]]]
10
100 200 300 400 500 600 700 800 900 1000
5
1 150 1500 3000 5000
[[[CASE_SEPARATOR]]]
5
1000 1000 1000 1000 1000
5
1000 2000 3000 4000 5000
[[[CASE_SEPARATOR]]]
5
1000 1000 1000 1000 1000
5
1 1001 2001 3001 4001
[[[CASE_SEPARATOR]]]
2
100 50
2
100 101
