[[3, 0, 1, 4, 2], [5, 6, 3, 2, 1], [1, 2, 0, 1, 5], [4, 1, 0, 1, 7], [1, 0, 3, 0, 5]]
3
2 1 4 3
1 1 2 2
1 2 2 4
[[[CASE_SEPARATOR]]]
[[5]]
1
0 0 0 0
[[[CASE_SEPARATOR]]]
[[1, 2, 3, 4, 5]]
2
0 0 0 4
0 1 0 3
[[[CASE_SEPARATOR]]]
[[1], [2], [3], [4], [5]]
2
0 0 4 0
1 0 3 0
[[[CASE_SEPARATOR]]]
[[1, 2], [3, 4]]
3
0 0 1 1
0 1 1 1
1 0 1 0
[[[CASE_SEPARATOR]]]
[[0, 0], [0, 0]]
2
0 0 0 0
0 0 1 1
[[[CASE_SEPARATOR]]]
[[-1, -2, -3], [-4, -5, -6], [-7, -8, -9]]
2
0 0 2 2
1 1 2 2
[[[CASE_SEPARATOR]]]
[[1, -1], [-1, 1]]
4
0 0 1 1
0 0 0 1
1 0 1 1
0 0 0 0
[[[CASE_SEPARATOR]]]
[[10, 0, 0], [0, 10, 0], [0, 0, 10]]
3
0 0 2 2
0 0 1 1
1 1 2 2
[[[CASE_SEPARATOR]]]
[[100, 200], [300, 400]]
3
0 0 0 0
1 1 1 1
0 0 1 1
